446

Μ 111661, 701 711

(1661617. 10. 896. 807.

(11666, 1111 (or 1618), 16 make, 47.

- 8816111, 16 make, 47.

61116 81111, 168. 899. 401.

Gan 861116, 1 61616 166 861116 min,
or 11681116, 7 2.

eum cherry, 66 plum-ttae, 86.

Gummi 166611, 11161, 68.

6668611666, known 16 116 Greeks, 1.

ω,1666.616,61

11.
11116 61 boys, 1661116166 young 1616,

6616611166, 9.

1116116161216.

6168111 61 61111611, 16 11111111 166
6146663161.

1116611111, 1616611, 168,176.

1111816661, 60.

166186, 16. 76. L
Ink, 16 611116, 49.
»- description oi, 74.

- aeid, 1166116 1ο 116 11661111, 76. 1

161666661166611168 11611, 216.
----166 making 61111, 221.
1616661111 opus, 488.

1666, 61, 877. 440.

1166, 888. .
1116811111, 16661 116 811 “hm’' 89. 407.
11668, 611661 166168, 888. 440.

-- 61 6661166168, 886.
--616661166611681111186161111406
111 168 lake, 806.

K.
11111116,16ι166, 66.

1.

16661, 61. 896. 442.

168111616177.

---· 16611161 1611188.

laqueari, 8161166 work, 76.

1616611. 18. 17. 21.

-- what, 77.

1616611616, 66166811 46166661, 79.

1611661,4ἔῖ18,111166, 668661, bna, 66
6666, .

11161161, 81.

Liuio, with 6616661611 111111, 17. 21.

16661666, 06.

Littera, 6116168, 27.

Lon 06166661, in, 168.

661611. Μ’

mnssx.

11111111111661, 16661166, 210.

1116116, 11. 16. 17. 19. 21.

.-- rhu, 81.

111ρ6616,111.

111661, what, 427.

usnimi„ 68.

1111161, what, 108.

Minium, to 611116, 49.

--- description 61, 82.

--- 66161616 11111 8666, 16111111
8111166, 86.

Minium, 6. 18. 26. 89.

1166111111 folium, 60.

1161661661, unii.

1166161, 1666, 1661111666 1661 snt vin·
66111, 147.

-— 1166866,16611611161,149.

—— iron, 221.

116661 recens, 84.

116111, 61, 888.
1 1116116, 61, 287. 428.
1 -- 16181111, 280.
, -—-— 16 18ρί11116, 246.
-- 16 politi, 267.
Nummus, 11111, 427.
1 11666611, 6116666, 60.

i 0.

06166, 18. 17. 10. 21.

--“- 16661, 6.

0111161668, 26. 27. 86. 04.

-—- 111661, 26. 886.
1 ⁸- 1111111161 25·

— drymg, 07, 08.

0in 66611181 166 1616861168 6616661,
Oleum lini, 04.

068161, 61, 841. 489.

-— 61 the 6116 61, 846.

-- 61 116 wind 6116, 849.
-61116 661816666116611166 166

111 bellom, 868.

0686616666, 111, 217.

06816661, 18.

-— 661 6118 upon 111111, 16.
----- 6616181166 61, 86.

061816 61 86161168, 480.

1³.

11161168 upon 81611, 186,187,188, 188.
Ρ661161, 66 1661161,289. 429.

111661, 61 the, 261.

-—- 116 8618, 286.

166611, 801.

1111661, 78.

Ρ181,611116, 268. 481.

 

